-1 -1 -1 -1 -1 -1 -1 -1 -1 -1 -1 -1 -1 -1 -1 -1 -1 -1 -1 -1 
-1 -1 -1 0 -1 -1 -1 -1 -1 -1 -1 -1 -1 -1 -1 -1 9 -1 -1 -1 
-1 -1 1 -1 -1 -1 -1 -1 -1 -1 -1 -1 -1 -1 -1 -1 -1 10 -1 -1 
-1 -1 -1 2 -1 -1 -1 -1 -1 -1 -1 -1 -1 -1 -1 -1 11 -1 -1 -1 
-1 -1 3 -1 -1 -1 -1 -1 -1 -1 -1 -1 -1 -1 -1 -1 -1 12 -1 -1 
7 -1 -1 4 -1 -1 -1 -1 -1 -1 -1 -1 -1 -1 -1 -1 13 -1 -1 8 
-1 -1 5 -1 -1 -1 -1 -1 -1 -1 -1 -1 -1 -1 -1 -1 -1 14 -1 -1 
-1 -1 -1 6 -1 -1 -1 -1 -1 -1 -1 -1 -1 -1 -1 -1 15 -1 -1 -1 
-1 -1 -1 -1 -1 -1 -1 -1 -1 -1 -1 -1 -1 -1 -1 -1 -1 16 -1 -1 
-1 -1 -1 -1 -1 -1 -1 -1 -1 -1 -1 -1 -1 -1 -1 -1 -1 -1 -1 -1 
0
1
0 1 3 2 4
0 4 2 5 2
0 5 19 5 18
0 3 3 3 2
0 7 3 8 2
0 5 3 4 4
0 3 16 3 17
0 6 2 5 3
0 7 16 7 17
0 2 2 2 1
0 5 0 5 1
0 6 17 5 17
0 8 17 8 18
0 2 17 1 17
0 5 16 4 16
0 1 16 2 16
0 4 17 5 16
2
0 2 4 3 5
0 5 2 6 2
0 5 18 4 17
0 3 2 4 2
0 8 2 8 1
0 3 17 3 16
0 4 4 5 5
0 8 18 8 17
0 2 1 2 2
0 7 17 6 17
0 5 3 4 4
0 1 17 2 17
0 5 17 6 18
0 5 1 4 1
0 2 16 3 15
0 4 16 4 15
0 5 16 5 15
3
0 4 2 5 3
0 3 5 3 6
0 6 2 5 2
0 4 17 3 17
0 8 1 7 1
0 5 5 4 5
0 3 16 4 16
0 6 17 5 16
0 4 1 4 2
0 2 2 2 1
0 8 17 7 16
0 6 18 6 19
0 2 17 3 16
0 4 4 5 5
0 4 15 4 14
0 3 15 4 15
0 5 15 6 16
4
0 5 2 4 3
0 5 3 4 4
0 3 17 4 17
0 3 6 3 5
0 7 1 8 0
0 4 5 5 6
0 4 16 5 15
0 3 16 3 17
0 5 16 4 16
0 4 2 5 3
0 2 1 2 2
0 6 19 6 18
0 5 5 6 5
0 7 16 6 15
0 4 14 5 13
0 6 16 5 16
0 4 15 4 14
5
0 3 5 2 5
0 4 4 5 4
0 4 17 5 17
0 4 3 4 4
0 8 0 9 0
0 5 15 5 14
0 5 6 5 7
0 3 17 3 16
0 2 2 3 3
0 6 18 7 18
0 5 3 4 3
0 4 16 5 15
0 6 15 7 16
0 6 5 7 5
0 5 16 4 15
0 5 13 6 13
0 4 14 3 15
6
0 2 5 3 5
0 4 4 5 5
0 5 17 4 17
0 5 4 4 4
0 9 0 9 1
0 5 14 6 15
0 5 7 4 7
0 7 18 7 17
0 3 3 3 2
0 5 15 5 14
0 4 3 5 4
0 7 16 6 16
0 3 16 2 16
0 7 5 8 5
0 4 15 3 16
0 3 15 3 14
0 6 13 5 13
7
0 4 4 4 3
0 4 17 5 16
0 5 5 4 6
0 3 5 4 5
0 4 7 4 8
0 9 1 8 2
0 6 15 6 14
0 5 14 4 14
0 5 4 5 3
0 6 16 7 16
0 8 5 8 6
0 7 17 6 17
0 2 16 2 15
0 3 2 2 2
0 3 16 4 15
0 3 14 2 14
0 5 13 4 12
8
0 5 16 5 15
0 4 3 5 4
0 4 5 5 5
0 4 6 5 7
0 8 2 7 2
0 6 14 5 13
0 4 8 5 9
0 8 6 7 6
0 5 3 6 3
0 4 14 5 14
0 2 2 1 1
0 2 15 2 16
0 6 17 5 17
0 4 12 3 13
0 7 16 6 15
0 4 15 3 16
0 2 14 2 13
9
0 5 5 6 4
0 5 4 5 5
0 5 7 5 8
0 5 15 4 15
0 5 13 5 12
0 5 9 4 9
0 7 2 6 2
0 5 17 5 16
0 2 16 1 16
0 7 6 6 6
0 6 3 5 3
0 5 14 5 13
0 1 1 1 2
0 2 13 3 12
0 3 16 3 15
0 3 13 4 12
0 6 15 7 16
10
0 5 8 6 8
0 5 5 4 5
0 6 4 6 5
0 4 15 4 16
0 6 2 5 2
0 4 9 3 8
0 5 12 4 11
0 5 13 4 13
0 1 2 2 2
0 5 3 4 3
0 1 16 0 17
0 6 6 7 5
0 5 16 5 15
0 3 12 2 13
0 3 15 2 16
0 4 12 5 12
0 7 16 7 15
11
0 6 8 5 8
0 4 16 5 16
0 4 5 4 6
0 6 5 5 6
0 3 8 4 9
0 5 2 4 2
0 4 11 4 10
0 4 3 5 4
0 4 13 5 13
0 2 2 2 1
0 7 5 6 5
0 0 17 1 17
0 5 15 5 14
0 5 12 4 12
0 2 16 3 15
0 7 15 7 16
0 2 13 3 13
1 4 9 4 10
12
1 4 10 4 9
0 5 8 5 9
0 5 6 4 7
0 4 6 5 6
0 5 16 5 15
0 4 2 5 2
0 4 10 5 10
0 4 9 4 8
0 1 17 2 16
0 5 13 6 13
0 2 1 3 2
0 5 4 4 4
0 5 14 4 13
0 6 5 6 6
0 4 12 4 11
0 7 16 7 17
0 3 15 4 15
0 3 13 3 14
1 5 9 5 10
1 5 10 5 9
13
0 4 7 5 8
0 5 15 6 16
0 5 6 4 7
0 5 9 4 9
0 4 8 5 9
0 5 10 4 10
0 5 2 4 2
0 3 2 3 1
0 6 13 5 13
0 4 13 5 12
0 4 4 5 4
0 6 6 6 5
0 2 16 2 17
0 4 11 5 11
0 7 17 7 18
0 4 15 5 15
0 3 14 3 13
1 4 9 4 10
14
0 6 16 7 17
0 4 9 3 9
0 4 7 4 6
0 5 8 4 8
0 4 2 5 3
0 5 9 6 9
0 6 5 6 6
0 5 12 4 12
0 5 13 4 13
0 5 4 4 4
0 2 17 1 17
0 3 1 3 2
0 5 11 5 10
0 5 15 5 14
0 7 18 8 18
0 3 13 3 12
1 6 9 5 10
15
1 5 10 6 9
0 4 6 3 5
0 7 17 6 17
0 4 8 4 9
0 3 9 3 10
0 5 3 4 3
0 6 9 6 10
0 4 12 5 12
0 4 4 3 4
0 4 13 4 12
0 1 17 2 17
0 6 6 5 7
0 3 2 4 2
0 8 18 7 17
0 5 14 4 14
0 3 12 3 13
0 5 10 5 9
1 4 9 5 9
16
1 5 9 4 9
0 3 5 3 6
0 6 17 5 16
0 3 10 3 9
0 4 9 4 8
0 4 3 4 4
0 2 17 3 16
0 4 2 5 2
0 5 7 6 6
0 3 4 4 5
0 5 12 6 13
0 4 12 3 12
0 3 13 2 13
0 4 14 3 13
0 5 9 4 9
0 7 17 8 17
1 3 9 4 9
17
0 3 6 4 6
0 5 16 6 16
0 3 9 3 10
0 4 4 3 5
0 6 13 5 12
0 3 12 4 12
0 5 2 4 2
0 6 6 6 7
0 3 16 4 16
0 4 5 5 6
0 2 13 2 12
0 8 17 8 16
0 3 13 2 14
18
0 4 6 5 7
0 3 10 4 11
0 6 16 5 15
0 3 5 3 6
0 5 12 6 13
0 4 16 5 16
0 4 2 4 3
0 4 12 3 12
0 5 6 4 7
0 6 7 5 8
0 2 12 2 11
0 2 14 3 14
0 8 16 7 15
1 4 11 3 12
19
1 3 12 4 11
0 4 11 3 10
0 5 7 6 7
0 5 15 4 15
0 3 6 2 5
0 4 3 3 3
0 4 7 3 8
0 3 12 4 12
0 5 8 5 9
0 5 16 6 16
0 6 13 5 13
0 7 15 6 15
0 2 11 3 11
0 3 14 3 13
20
0 6 7 5 8
0 4 15 4 16
0 2 5 2 6
0 3 3 4 3
0 3 8 3 7
0 4 12 3 12
0 6 16 6 17
0 5 13 5 12
0 5 9 5 10
0 6 15 5 15
0 3 13 4 12
0 3 11 4 11
21
1 5 10 4 11
1 4 11 5 10
0 4 16 4 15
0 5 8 5 9
0 2 6 3 6
0 5 10 5 11
0 5 12 5 13
0 4 3 5 3
0 6 17 6 18
0 3 7 2 6
0 3 12 3 11
0 5 15 5 14
0 4 12 4 13
0 4 11 5 12
22
1 5 11 5 12
1 5 12 5 11
0 4 15 3 14
0 5 9 5 10
0 3 6 4 7
0 2 6 3 6
0 5 3 6 3
0 3 11 4 11
0 5 13 4 12
0 5 11 6 12
0 6 18 6 17
0 5 12 5 11
0 4 13 4 14
0 5 14 5 13
1 5 10 5 11
23
1 4 11 5 10
0 3 14 4 13
0 5 10 5 9
0 4 7 5 7
0 6 17 5 17
0 3 6 3 7
0 4 11 5 10
0 6 3 6 4
0 4 12 5 12
0 4 14 5 14
0 5 13 4 12
24
0 4 13 5 13
0 5 7 4 7
0 5 17 4 16
0 5 10 6 11
0 5 12 6 13
0 3 7 3 8
0 6 4 5 5
0 4 12 3 12
0 5 14 5 15
25
0 5 13 5 12
0 4 7 5 8
0 6 13 5 13
0 5 5 4 6
0 6 11 5 10
0 4 16 3 15
0 3 8 2 8
0 5 15 5 14
0 3 12 4 11
26
0 5 12 6 13
0 5 8 6 7
0 5 13 5 12
0 4 6 5 6
0 2 8 3 9
0 5 10 5 9
0 3 15 3 14
0 5 14 6 14
0 4 11 3 11
27
0 6 13 5 13
0 6 7 6 8
0 3 14 2 14
0 5 10 5 10
0 5 6 4 6
0 3 9 2 8
0 5 12 4 11
0 6 14 5 14
0 3 11 3 12
28
0 5 13 4 13
0 6 8 6 9
0 4 11 3 11
0 4 6 4 7
0 5 10 4 10
0 2 8 3 9
0 2 14 2 13
0 5 14 6 14
0 3 12 4 11
1 6 9 5 10
29
0 4 13 3 13
0 6 9 7 9
0 2 13 2 12
0 3 9 2 9
0 4 7 4 6
0 3 11 3 12
0 4 11 3 11
0 6 14 7 14
30
0 3 13 4 13
0 7 9 7 8
0 4 6 4 7
0 3 12 4 12
0 2 12 1 13
0 2 9 2 8
0 3 11 4 11
0 7 14 6 14
31
0 4 13 3 12
0 7 8 7 9
0 1 13 2 13
0 2 8 3 8
0 4 12 3 11
0 4 7 5 7
0 6 14 5 14
0 4 11 4 12
32
0 3 12 2 12
0 7 9 8 9
0 3 11 4 11
0 5 7 4 7
0 3 8 3 9
0 2 13 1 14
0 5 14 4 13
0 4 12 3 11
33
0 2 12 2 11
0 8 9 7 9
0 1 14 2 14
0 4 7 3 7
0 3 9 2 10
0 4 11 5 12
0 3 11 4 11
0 4 13 4 12
1 2 11 2 10
34
1 2 10 2 11
0 2 11 3 11
0 7 9 6 9
0 3 7 2 7
0 2 10 2 11
0 5 12 6 13
0 2 14 1 14
0 4 12 4 13
0 4 11 5 12
1 3 11 2 11
35
1 2 11 3 11
0 3 11 4 11
0 6 9 7 8
0 6 13 5 13
0 2 11 1 10
0 2 7 3 8
0 1 14 0 15
0 5 12 4 12
0 4 13 4 14
36
0 7 8 6 8
0 5 13 5 14
0 3 8 2 8
0 0 15 1 14
0 1 10 1 11
0 4 12 4 13
0 4 14 4 15
37
0 6 8 7 7
0 2 8 2 7
0 5 14 4 14
0 1 11 2 11
0 1 14 1 13
0 4 13 3 13
0 4 15 5 16
38
0 7 7 6 8
0 4 14 5 14
0 2 7 2 8
0 2 11 3 11
0 1 13 1 14
0 3 13 3 14
0 5 16 4 15
39
0 6 8 7 7
0 1 14 1 15
0 3 11 2 11
0 2 8 3 9
0 5 14 4 13
0 3 14 2 14
0 4 15 4 14
40
0 7 7 6 7
0 4 13 4 12
0 1 15 2 15
0 2 11 2 12
0 3 9 2 10
0 2 14 1 15
0 4 14 3 13
41
1 2 12 3 13
0 6 7 6 8
0 2 15 3 14
0 2 12 1 12
0 4 12 3 12
0 2 10 3 11
0 1 15 2 14
42
1 3 12 3 11
1 3 11 3 12
0 6 8 7 7
0 3 12 2 12
0 1 12 1 13
0 3 11 2 11
0 3 14 2 13
0 2 14 3 15
43
1 2 13 1 13
1 2 11 2 12
1 2 12 2 11
0 7 7 6 7
0 2 12 3 11
0 2 11 1 11
0 1 13 0 13
0 2 13 2 12
0 3 15 4 15
44
0 6 7 5 8
0 2 12 2 11
0 3 11 2 12
0 4 15 4 14
45
0 5 8 5 7
0 2 12 3 11
0 2 11 1 12
0 4 14 5 14
46
0 5 7 4 7
0 3 11 2 11
0 1 12 2 12
0 5 14 5 15
47
0 4 7 3 7
0 2 11 3 11
0 2 12 2 11
0 5 15 4 15
48
0 3 7 2 7
0 2 11 2 12
0 3 11 2 11
0 4 15 4 14
49
0 2 7 2 8
0 2 12 3 12
0 2 11 3 11
0 4 14 4 13
50
0 2 8 3 9
0 3 12 2 11
0 3 11 3 12
0 4 13 4 14
51
0 3 9 2 10
0 3 12 3 11
0 2 11 2 12
0 4 14 4 15
1 2 10 3 11
52
0 2 10 2 11
0 2 12 3 12
0 4 15 5 16
1 2 11 3 12
53
1 3 12 2 11
0 2 11 2 12
0 3 12 4 12
0 5 16 4 16
54
0 2 12 3 12
0 4 12 5 13
0 4 16 3 16
55
0 3 12 4 12
0 5 13 6 14
0 3 16 3 17
56
0 4 12 4 13
0 6 14 5 13
0 3 17 4 16
1 4 13 5 13
57
1 5 13 4 13
0 4 13 3 12
0 5 13 4 12
0 4 16 3 15
monster win